---
hana_node:
  python-shaptools: 0.3.12+git.1619007514.1951d23
  python3-shaptools: 0.3.12+git.1619007514.1951d23
  salt-shaptools: 0.3.11+git.1605797958.ae2f08a
  habootstrap-formula: 0.4.1+git.1611775401.451718e
  saphanabootstrap-formula: 0.7.1+git.1619008686.8600866
drbd_node:
  python-shaptools: 0.3.12+git.1619007514.1951d23
  python3-shaptools: 0.3.12+git.1619007514.1951d23
  salt-shaptools: 0.3.11+git.1605797958.ae2f08a
  habootstrap-formula: 0.4.1+git.1611775401.451718e
  drbd-formula: 0.4.2+git.1619081968.cc0bb4f
netweaver_node:
  python-shaptools: 0.3.12+git.1619007514.1951d23
  python3-shaptools: 0.3.12+git.1619007514.1951d23
  salt-shaptools: 0.3.11+git.1605797958.ae2f08a
  habootstrap-formula: 0.4.1+git.1611775401.451718e
  sapnwbootstrap-formula: 0.6.2+git.1619009582.e0ae9e8
iscsi_srv:
  iscsi-formula: 1.1.1
